138
256
312
384
406
410
412
435
460
486
509
518
544
792
819
892
971
974
1018
1142
1290
1310
1364
1381
1431
1488
1504
1554
1630
1741
1810
1812
1815
1830
1886
1916
1925
1961
1997
2015
2029
2045
2177
2185
2231
2333
2338
2346
2352
2376
2393
2435
2440
2473
2513
2538
2594
2608
2633
2634
2668
2675
2690
2708
2727
2754
2760
2770
2815
2824
2838
2870
2884
2942
2949
2980
2982
2984
2986
3135
3155
3185
3214
3255
3280
3330
3345
3355
3382
3416
3435
3485
3510
3628
3651
3669
3674
3700
3712
3744
3749
3760
3764
3830
3856
3876
3890
3928
4016
4028
4058
4076
4098
4157
4276
4322
4324
4333
4346
4356
4383
4393
4402
4517
4522
4548
4636
4638
4646
4652
4672
4678
4703
4746
4796
4806
4909
4945
4966
4998
5103
5167
5212
5234
5278
5346
5423
5448
5470
5478
5506
5537
5563
5590
5625
5668
5692
5728
5891
5938
6017
6038
6078
6124
6169
6222
6235
6252
6309
6400
6432
6449
6471
6483
6492
6497
6498
6571
6598
6629
6700
6702
6713
6761
6836
6855
6889
6896
6928
6939
6946
6970
6980
7050
7054
7080
7135
7165
