8
22
51
61
65
70
71
74
100
109
118
138
143
147
150
151
164
172
187
188
198
209
215
220
222
223
241
247
255
256
262
272
277
289
308
312
315
348
353
361
369
373
376
378
384
391
392
396
403
406
410
412
422
435
460
463
486
487
499
509
518
519
535
544
550
559
563
572
607
609
636
644
649
656
661
672
712
719
729
740
745
746
762
766
775
777
781
782
789
792
797
799
819
825
829
830
846
854
855
863
867
876
886
892
909
915
919
935
939
958
963
971
972
974
983
991
1018
1055
1067
1071
1077
1079
1080
1086
1095
1098
1103
1112
1116
1123
1133
1138
1142
1155
1162
1169
1171
1177
1187
1194
1208
1209
1211
1215
1231
1236
1238
1249
1250
1254
1267
1277
1287
1290
1306
1310
1311
1315
1328
1329
1336
1340
1353
1358
1364
1365
1372
1381
1382
1388
1399
1400
1401
1404
1430
1431
1438
1452
1456
1460
1469
1486
1488
1490
1499
1504
1507
1508
1520
1523
1525
1548
1553
1554
1561
1568
1584
1588
1596
1598
1599
1621
1629
1630
1635
1638
1641
1642
1647
1658
1659
1664
1665
1671
1677
1681
1683
1699
1703
1721
1724
1741
1744
1754
1755
1763
1797
1800
1808
1810
1812
1815
1823
1830
1839
1846
1880
1886
1887
1899
1902
1904
1916
1925
1926
1944
1946
1953
1961
1964
1981
1982
1987
1997
2002
2007
2015
2017
2021
2029
2031
2043
2045
2047
2048
2075
2077
2088
2095
2103
2120
2122
2126
2131
2150
2170
2172
2176
2177
2178
2185
2194
2203
2205
2211
2230
2231
2247
2268
2296
2333
2338
2339
2340
2342
2346
2352
2355
2360
2369
2376
2380
2387
2388
2390
2393
2400
2410
2433
2435
2440
2442
2449
2450
2453
2455
2466
2473
2484
2491
2494
2507
2508
2511
2513
2515
2524
2526
2538
2549
2552
2583
2584
2594
2599
2601
2608
2612
2613
2615
2618
2633
2634
2647
2655
2656
2663
2665
2668
2675
2682
2686
2690
2702
2707
2708
2713
2714
2716
2722
2727
2738
2739
2744
2752
2754
2755
2760
2763
2770
2776
2786
2789
2795
2797
2810
2812
2815
2822
2824
2825
2836
2838
2839
2860
2862
2868
2870
2876
2879
2880
2884
2891
2892
2894
2901
2906
2909
2929
2942
2949
2956
2964
2966
2980
2982
2984
2985
2986
3000
3015
3030
3031
3032
3055
3077
3080
3107
3108
3113
3117
3128
3135
3142
3143
3146
3147
3155
3166
3176
3185
3188
3196
3214
3224
3228
3255
3280
3310
3330
3345
3348
3355
3362
3382
3394
3396
3400
3405
3416
3421
3427
3434
3435
3438
3448
3450
3467
3472
3476
3479
3485
3489
3503
3509
3510
3512
3521
3535
3539
3545
3551
3563
3565
3570
3573
3594
3616
3627
3628
3635
3644
3651
3653
3663
3669
3674
3686
3689
3700
3703
3710
3712
3723
3731
3733
3738
3744
3749
3750
3760
3762
3764
3772
3780
3784
3795
3798
3799
3823
3830
3831
3837
3842
3843
3847
3848
3856
3862
3866
3873
3876
3885
3890
3903
3916
3928
3930
3940
3960
3966
3972
3983
3985
3986
4011
4015
4016
4018
4023
4028
4044
4057
4058
4065
4067
4072
4076
4081
4091
4098
4101
4109
4113
4116
4117
4126
4152
4156
4157
4170
4183
4192
4193
4203
4207
4209
4231
4233
4245
4260
4273
4276
4283
4286
4289
4297
4298
4317
4322
4324
4329
4331
4333
4337
4346
4352
4356
4358
4369
4377
4383
4393
4400
4402
4407
4414
4422
4430
4450
4453
4469
4471
4483
4485
4498
4510
4511
4514
4517
4520
4522
4529
4539
4548
4555
4587
4589
4594
4597
4598
4609
4625
4628
4636
4638
4643
4644
4646
4652
4659
4668
4669
4672
4677
4678
4680
4681
4692
4693
4697
4699
4702
4703
4704
4708
4711
4716
4719
4729
4730
4731
4737
4741
4742
4746
4757
4762
4796
4801
4806
4816
4819
4837
4838
4839
4862
4869
4882
4883
4891
4905
4909
4921
4945
4966
4973
4993
4998
5007
5029
5047
5062
5086
5094
5103
5113
5128
5137
5146
5150
5167
5190
5195
5207
5212
5217
5225
5231
5234
5237
5243
5245
5255
5259
5277
5278
5281
5283
5289
5311
5314
5315
5318
5320
5322
5325
5329
5334
5344
5345
5346
5353
5357
5371
5375
5379
5384
5385
5396
5405
5423
5445
5448
5449
5450
5470
5478
5489
5498
5500
5504
5506
5514
5519
5524
5528
5537
5539
5541
5563
5568
5577
5579
5590
5593
5594
5598
5609
5610
5613
5619
5620
5625
5629
5632
5640
5649
5659
5668
5673
5678
5688
5692
5693
5712
5715
5720
5726
5728
5755
5757
5759
5766
5771
5775
5777
5785
5787
5791
5802
5804
5808
5810
5820
5837
5840
5845
5864
5874
5883
5885
5891
5901
5903
5905
5908
5927
5930
5936
5938
5945
5947
5952
5955
5960
5977
5982
5990
6001
6004
6011
6013
6014
6017
6023
6025
6036
6038
6053
6073
6075
6078
6081
6086
6094
6096
6099
6113
6115
6119
6124
6146
6152
6157
6164
6168
6169
6173
6176
6178
6184
6189
6192
6196
6198
6199
6204
6212
6218
6220
6222
6224
6235
6238
6242
6252
6253
6261
6267
6272
6274
6275
6285
6294
6309
6314
6315
6318
6323
6333
6347
6349
6354
6358
6362
6369
6377
6393
6400
6403
6417
6421
6427
6432
6434
6449
6471
6483
6486
6492
6495
6497
6498
6510
6518
6530
6536
6545
6555
6564
6571
6574
6587
6598
6602
6612
6617
6628
6629
6632
6635
6636
6656
6659
6672
6679
6693
6695
6700
6702
6709
6713
6721
6726
6731
6745
6756
6761
6762
6770
6773
6780
6814
6815
6833
6836
6840
6848
6851
6855
6865
6871
6874
6889
6892
6896
6900
6928
6939
6946
6949
6951
6954
6963
6964
6968
6970
6980
6992
6995
6996
7024
7031
7033
7039
7043
7044
7050
7054
7069
7080
7086
7089
7090
7093
7095
7102
7107
7108
7119
7123
7127
7135
7139
7147
7155
7165
7166
7183
